750
8 0
518 524
341 856
376 382
530
262 263
147 661
620 108
904 394
795 27
619 622
231 744
982 470
615 105
793 794
847 80
705 198
372 885
58 581
858 93
474 991
137 153
572 67
285 304
443 444
522 525
517 10
737 751
344 862
131 643
49 51
47 562
40 553
91 95
832 833
165 681
102 118
631 635
407 409
670 162
912 402
825 835
61 64
259 774
571 65
321 837
163 686
544 290
475 993
114 115
806 808
31 545
264 20
566 582
957 960
697 195
161 169
291 805
903 392
355 868
815
383 133
701 190
81
450
335 79
281
253 511
424 438
414 422
416
624 124
973 977
300
288 810
924
490 236
15 534
801 289
607 609
662 155
234 758
55 59
128 143
134 138
813 814
936
481 482
150 151
717 224
484 999
564 573
873 894
146 664
636 126
94 99
595 625
759 521
318 841
130 666
911 405
44 817
600 101
721 726
338 853
320
913
350 353
226 995
676 172
800 295
660 408
589 84
90
243 501
277
778
286
388 902
327 72
513 2
591
947 52
528 32
979 469
68 590
459 204
191 714
674 173
307 824
961 454
215 735
337 339
248 760
756
423
373 630
410 157
846 345
939
273 797
736
601 617
88 96
426 428
368 628
816 336
512 12
331 861
577 71
119 637
546
404
876 881
786
256 257
583 840
249 765
956 447
330 866
658
782 401
270 789
723
627
849
6 18
390 668
260
828 76
145
768
769 269
384 385
26 297
550
358
365 879
818 324
552 306
144 915
275
46 54
598 608
940 941
5
434 437
166
296
479
559
689 952
537 796
73
931
783 932
695 188
586 612
788 343
980 990
634 898
720 492
209
777
53 585
740 494
113
495 242
937 958
638
325
644
309
536
34
770 266
171 182
48
927 160
468
202
498 252
603 116
386 918
988 496
548 838
250 510
92
514
222
480
934 464
984 221
945 183
216
476 478
85 375
301
272
928 684
632 653
869
415 547
156 675
57 97
66 579
457
665 417
399 920
698 455
117 657
779
23
567
596
485
13
606
287
211
38
929 185
11
298
19
896
82 872
533
28
1
529 432
709 710
279
919 413
436
196
271 834
265
516
4
823
844
152 542
855
568 580
168 703
650
558 395
803
312
891 659
83
860
884 403
458 471
465 996
953 199
427 175
466 238
792
69 857
21
203
371 910
9
781 618
187
280 543
629
812
887
452 965
244 246
614
7
180 949
942
541
651 158
746
283
871 461
711 207
930 227
882 897
78
811
899
716 487
850
527 36
679
819
393
328
671
776
773 700
125
951
570
241
943 218
87
981 223
969
509
557
799
167
258
688
683 715
633 129
785
901 798
761
22
775
906
500
647
561
70
378
406
539
210
245
148
411
974 503
45
310 200
830
594
712
845
623
397
950
889
316
905
179
364
473
360
532
877
771
560
576
3
387
17
645
35
460
654
784
646
141
994
193
916 967
98
347
329
972
37 599
254
181
820
109
483
154
261
472
302
367
997
588
363 968
739
267
692
772
648
292
946 753
554
641
992
356
933
418 685
749 883
900
804
445 731
139
802
831
523 909
136
396
780
962
719
440
389
30 752
535 206
563 673
25
602
29
86 985
103
294
907
663
604
713
526
699 892
268
677
435
299
276
132
652
640
538
642
192
998
449 359
142
655
649
531
313
303
282
963
549
391
908
791
922
880
284
520
867
605
964
366 762
127
217
237 750
732
565
278
219
955
696 214
875
164
515
678
747
656
693
836
706
888
702
348
551
493
826
100
74
14
790
923
556
431
574
807
400
140
925
728
504
578 398
159
370
519
235
669
865
938
293
555
540
24
429
430
333
149
33
361
680
412
584
822
843
453
966
821
921
809
672
935
315
446
89
852
878
829
16
135
323
914
421
787
667
682
274
420
944
311
569
178
839
317
352
39
441
442
50
842
314
41
433
77
305
917
247
255
575
970
610
177
691
75
616
971
827
419 104
707
462
864
597
451
745
220
690
976
491
42
197
60
718
62
724
189
56
593
725
332
954
592
926
754
854
722
978
319
349
340
859
687
326
757
863
176
334
506
975
870
213
987
621
730
308
381
848
174
704
456
694
351
357
201
121
488
851
208
467
194
425
342
986
346
948
120
63
505
497
230
729
874
439
111
112
240
895
499
886
708
170
486
743
354
983
890
755
184
959
508
43
228
374
205
989
742
233
733
362
106
507
232
463
727
613
369
767
489
110
502
611
741
225
212
229
251
764
763 123
377
186
239
893
626
380
107
448
379
738
322 587
477
639
734
748
766
122
