435
1 7457 4099 9605 4805 8166 1798 8295 9607 4873 9129 7120 2289 9777 3126 1786 8797 4990 3231
2 4740 3332 6661 136 9931 591 9615 9876 8308 4311 4696 8600 348 9404 7198 5407
3 6528 2049 7332 935 7209 3018 5101 1071 5330 7026 7699 692 6453 7478 5782 6778 6587
4 481 4961 130 8419 5507 5064 6572 4365 3309 8462 8305 6613 9910 9470 5566 9374 1695
5 8357 3975 3115 5643 1711 7791 3184 7825 5459 4788 5748 6327 7257 6298 9627 9947 2299 7517 3038 9663
6 5285 6661 1160 5897 7694 494 4527 7248 2002 3187 7413 8026 540 894
7 3616 321 6534 9609 6249 3468 8626 1683 5749 6613 1686 6582 3895 759 5783 7352 9688 6748
8 8288 2240 321 322 7235 8134 9511 6473 586 5290 2986 4011 139 8716 4077 558 7381
9 2656 4325 3272 7211 3371 8716 8238 2095 6737 9395 3830 9752 9848 569 7738 1083 2175
10 4192 1856 5926 7143 6985 8649 2666 8716 2545 1205 3452 4765 6846 6718 4511
12 6597 8358 6119 7559 2411 7757 592 5232 2288 8114 2962 3315 2327 7227 3870
13 3360 160 2849 3265 6049 2693 6214 9290 2986 6155 2093 9557 2165 758 5720 4760
14 4738 9987 2019 9764 1412 6085 3877 8108 5548 2095 7699 4342 4118 4701
15 2240 9953 5378 8994 2659 1668 2503 1799 3111 1803 7851 7533 4430 3982 9361 8177 3827 6262
16 3457 3074 1284 7365 6889 3565 6833 9202 7731 9238 1590 4151 7960 6712 4377 6333 8575
17 1025 3395 3876 8580 6599 583 2439 5737 6923 9935 7664 1745 9651 6675 633 9689 9787 1564 8733 9918
18 3936 6210 9796 5445 4294 7144 9545 7434 5419 6187 6765 4943 208 4913 8149 1079 2807 4122
19 9984 8163 6660 6468 388 1095 489 6730 300 5743 9008 4721 6226 2866 6258 2962 4340 5014 697 9850 5340
20 9985 4547 1668 7429 4294 3563 6635 8749 5744 4529 1747 3989 9975 8153 2813
21 7648 705 4135 6183 5386 3469 1774 5811 2867 2804 2553 3130 1341
23 6785 5251 3109 6666 8812 6158 2736 1266 3442 3541 2104 219 2299 2493 8125 2174 7007
24 8418 6914 5188 6186 8138 5867 8879 5072 4562 8692 2934 4310 4054 3704 348 7997 1534
25 5636 6855 8458 13 2286 6606 7599 3603 4501 6617 7385 2649 9465 4410 4442 8986 7197 5917 7423
26 5221 5062 4344 4616 2969 1129 5962 8717 1997 4429 6557 9983
27 513 5219 4548 7652 3173 1797 1064 2506 8431 8176 7571 3221 8533 9653 7669 3510 8027 9566
28 6180 5412 4453 3718 7401 1452 6700 9356 7438 9968 5587 3319 1113 2364 9244 4350
29 7393 4103 6695 5064 1291 5995 3885 110 2959 8687 9968 5074 5685 7733 5623 6202 6938 541
30 5889 2 9220 261 5574 40 5962 7019 2028 9557 6549 6903 7705 2589 5821 7133
31 8448 289 2722 5410 2437 1927 8234 7018 141 4528 9586 4021 2234 2555 8575 9023
32 2240 9729 4421 3877 2533 5958 5062 2919 2407 8487 7147 4145 6935 2776 9949 8125 1534 447
33 3074 5507 7012 7655 5706 8427 5899 7533 8273 7441 3860 438 6231 4311
34 3937 1796 2244 5572 6951 2407 935 4840 5321 9035 7213 9197 4494 79 9842 5748 6806 2776 9275 8027 6236 1436 447
35 3232 130 2306 6373 5638 136 3882 1003 2894 5710 9551 113 1937 2962 1299 4371 917 9301 1752 569 2041 3519
36 5248 5601 5955 9638 5606 6664 3144 8207 3728 3729 3441 9302 7385 9401 1981 7742
37 8098 5219 5381 1029 4901 8134 200 1994 5677 1039 4274 7413 2614 2712 313 5693 9822
38 2400 6692 134 5065 3181 5293 45 4848 3890 8146 6101 5943 732
39 2240 4193 9861 5575 7530 1067 5707 5709 6030 9075 6134 9720 6552 2587 6427 511
40 5986 8994 8739 2276 5448 1385 2892 7215 2326 5751 1561 5502 1983
42 2208 8387 1700 8070 6054 8134 4199 6569 6153 3467 9518 175 6067 1718 4439 8605 5022
43 8832 1157 7558 5735 9545 2186 7055 5266 7667 8245 9046 6552 9593 378 8767
44 866 9349 8293 4934 7081 8590 3728 7763 6547 2198 1592 411 5438 62
45 8035 6502 1130 5962 4717 7278 846 3726 8559 6608 9463 2199 8663 3543 569 6075 9981 8125 2047
46 1248 1058 1221 4329 6601 5323 3371 3023 4720 3089 2834 2197 5783 6967 3543 634 2011 6492
47 100 3656 7880 2222 9390 4047 9169 4594 9139 4856 8920 7769 9721 9308 6429
48 8865 5122 8994 7652 6534 4679 4362 8075 716 9968 6354 979 5652 4600 5657 1145 1372 5757 8062
49 8256 2240 8193 3202 774 8 9000 7466 1066 8427 236 3376 8147 7413 7285 7126 6300 9309 221 5053
50 1872 6608 8145 9698 6724 8598 3734 3912 4107 2108 3934 5263
51 4420 7721 3882 3979 8462 1454 7631 2995 6899 1972 5237 86 3830 2904 5913 2426 7802 6938 891 2558 7902
52 9600 8034 6756 3910 9479 935 714 8106 2962 9715 5527 4855 56 6840 5656 1145 2394 9244
53 6178 1603 323 7684 1476 3877 1865 1515 8491 4717 6994 6613 8343 1016 1144 8761 6938 475 1979 8254 2655 159
54 291 9987 4326 935 3464 4619 4365 3023 3536 625 5009 7348 5658 7133 2367
55 3041 9698 9619 1411 1732 9718 4391 9704 4840 8826 7308
56 9696 3778 8386 3588 5447 4199 7399 3496 4873 265 1613 1871 6576 4786 6100 309 7126 5816 8223
57 2465 3074 2052 9254 8777 6891 5837 6510 9007 9490 7796 4982 3894 4888 4734
58 9761 4035 935 296 5385 6538 9516 3534 1904 4179 3765 1080 6745 2236 1501
59 4993 1476 4552 8744 4393 8841 3113 3885 2894 1774 9297 1393 5395 8024 8600 571 4539 5596
60 2530 4739 3113 8554 8971 7500 4333 5869 4847 4527 8080 7088 4915 9430 4955 2431
61 4672 8674 6692 6983 4199 9160 5097 3690 5578 5644 6605 5009 2643 3894 1752 6392 5018 6778 7997
62 2240 1025 7779 3014 6727 6503 72 7049 202 2731 427 4434 5268 148 1755 6267 5308 7133 4415
63 7136 8577 4962 3074 867 1668 6021 5638 4616 2953 9129 9770 5291 7725 2447 79 9842 8149 9013 6840 1084
64 9186 3683 6342 7142 3976 201 4780 8557 2126 3982 1489 9521 8498 4282 9082 4378
65 5248 5057 6209 8417 3876 3526 7946 7756 3023 9777 7410 6390 5336 408 4858 9917
66 3202 3460 5768 9545 3022 3023 48 8720 3958 8759 9049 2331 3099 7709 7711
67 7296 9762 2790 7883 2351 3920 4146 9842 2962 662 8470 3449 2527 5727
68 9632 6979 745 5035 3883 7949 7950 8145 3251 1299 5364 7351 9464 5145 9979 8603 5531 2046 2142 4894
69 480 7906 4867 1476 3055 6993 6258 3059 7699 8345 4988 6781 3613
70 4896 737 9701 8581 3881 6731 5451 270 9074 5206 1303 7257 1789 9438 4958
71 3074 4807 360 7912 4781 9904 9968 8370 340 3733 8437 5305 191
73 401 4130 1874 8562 6101 2567 2296 2924 6044 9661 8493 8590
74 5986 4708 2695 3752 3528 4109 4175 4400 9011 148 7127 5149 9533 286 3358 5247
76 5504 3043 3783 6024 8265 4041 3115 621 3758 3697 8753 5715 3316 9845 9109 6999 7736 2810 3420 7518 8287
77 9137 9425 9842 1027 3862 8854 2139 3628 4476 3949 6381 8783
78 162 7652 7334 1768 3913 2539 1614 8560 144 7762 8343 9656 3453 8125
79 8353 5153 5314 3074 5219 9668 8677 8293 7526 4294 7655 7240 1292 6797 9199 6035 4567 4923 8669 3006
80 705 8930 3395 4035 2884 3140 3012 4005 5992 585 5993 8491 8972 5868 6707 1173 9846 9014 2109 6207
81 2240 8193 4486 7526 9703 8297 650 2666 1163 5643 466 3987 9075 3028 888 5848 3417 378 3163 2111
82 8896 5185 162 9315 4293 7429 3653 5862 7049 4010 1770 586 2155 1165 4397 3823 6196 2900 8117 5654 7005 5437 7519
83 6208 7938 6980 7432 5800 2568 2888 1482 5069 367 6544 1459 5748 7738 5821 5182
84 7296 9443 5412 935 5674 5834 4525 845 111 4401 5715 4532 1846 2423 2327 1209 1241 9722 5278 5374 6719
85 8324 8517 325 8069 2314 4234 5994 6926 8112 2643 9462 7289 5436
86 2240 3074 4771 3044 6980 5412 6030 6255 7951 3216 1170 4915 6547 6196 6933 2521 7231
87 739 5636 1383 4199 6857 8492 557 9007 9200 9104 7697 3058 7732 1752 8345 4761 9116 1117
88 1344 2048 7456 6305 4898 3203 5412 133 3271 136 2760 1514 1838 2158 1583 2288 3413 2555 1117 319
89 7296 2340 8934 4231 2286 2030 1455 303 2704 7537 5365 7735 5111 631 1657 5882 9852 5758 9983
91 1029 2279 583 426 9674 3787 238 6418 6646 5848 5918 3550 1375
92 2688 2240 8130 1701 3015 8296 3657 4777 714 2637 1134 3728 1429 8150 9720 7736 5148 4348 1183
93 1472 3682 8227 7242 6539 3660 9007 183 728 2456 7225 477 8733 158 8254 6687
94 9345 5219 6500 6948 905 4843 2188 8973 7949 3919 5775 3504 2674 4020 7413 8854 6168 5818 3836 5341
96 8291 3907 7492 8293 3877 135 7593 7149 7791 7314 3540 8116 695 9239 9658 1278
97 5184 6241 8130 3494 9990 9032 143 8114 5524 1814 6550 7287 7516 3006
98 5760 2240 3426 3491 7620 1385 2633 1417 3343 7732 5109 9014 1558 2264 1850 9244 2975
99 6176 8673 1988 616 2313 5193 9003 3371 7311 5967 6771 9621 9590 1527 6712
100 8545 9990 4391 1452 6607 8015 18 4886 4825 3289 4346 6492 7133 3646
101 5316 4806 8903 1032 1736 3592 2409 1675 6667 7219 148 2679 8151 4824 6619 123 1694
102 2784 3809 5762 1637 8168 399 4240 3441 3665 564 1685 5078 1238 8920 5658 3291 9694 2591 895
104 1378 2342 9064 713 1260 9101 335 5391 51 8852 6101 9302 5816 5848 9848 9722 6171 9244
105 7456 3936 9666 7682 4485 3946 2986 238 7471 6161 8659 6644 5880 2267 443 6940 3293 319 5503
106 9088 1889 2114 9571 6467 8387 1348 2308 5 5063 7880 2155 5036 3023 8304 3441 4594 6101 4758 3707
107 4097 7012 2181 1000 298 1963 205 3216 7251 3059 1299 7575 6107 5821 447
108 321 1698 5762 8995 3302 1670 199 913 5527 663 6616 761 1339 9691 9947 7100 3100 1277 5150
109 4928 2913 9090 3363 935 4170 6700 7500 6157 3215 5715 7254 7480 25 3388 8764 4958
110 8353 7908 8006 5900 6476 9197 5555 8307 3158 5686 8602 8284 732 4766
111 4708 5445 7207 7816 3018 5483 7213 2190 7822 2962 7252 3894 2422 23 7128 7577 9850 188 1948 6236 1246 7806 2239
112 2400 769 7713 9795 9796 9257 2026 9611 8013 2413 5327 8431 4669 7133
113 7296 3329 3361 3012 4421 6213 935 4875 2449 7666 5746 917 3128 6459 6557 3839
114 2 3939 3077 4454 3149 9453 1998 3567 1809 7666 979 4340 6805 1942 4824 3673 7866 4314 507 8988
117 4518 583 9800 5768 330 4362 5614 5584 7568 9842 8307 5334 6006 4571 6943 6623 2911
118 2 6405 4230 1703 9450 2157 653 3758 2773 3894 8247 6615 4664 7034 9850 6458 6301 4799
119 3520 1473 9667 9160 716 7598 5806 5935 3185 5745 8498 7864 3577 8317
120 2193 1155 7284 6772 905 3387 7532 8252 7133 9694 1423
121 3104 8896 768 2209 8322 6146 1542 9542 7751 843 7949 1934 4047 7632 3122 3635 6611 1429 1367 2650 4285
122 8560 2641 6721 578 8994 9555 2933 3703 1115 7308 5613
123 8962 9669 2311 9191 4456 2539 1613 3377 178 8596 2875 2332 5246
124 5762 8581 8134 7019 7660 9229 1134 9776 152 2168 8952 6044 3836 4351
125 5796 1991 3337 9739 2956 3377 6194 2226 83 7699 6518 6870 6584 2041 2943
126 6401 8803 419 547 7652 8069 6469 5734 5966 6226 3476 5940 9621 4150 6583 8887 5146 9533
127 5792 4162 9093 7689 8175 9551 8272 5232 690 1907 6613 3830 9753 9819 6491
128 5024 2129 9061 9654 1496 1050 1035 7883 12 2172 8301 7727
129 7713 2 6627 68 5031 8105 2825 3722 2444 3378 1943 5337 6938 7547 7805
130 5762 9219 2725 8520 6633 1038 1550 1522 2418 8498 6996 3380 2904 5402 6907 4604 7069
131 1794 4390 5095 7880 8552 3177 7851 8460 1005 7949 14 5966 8431 3376 3441 9782 3894 1081 6043 8829 7519
134 352 6051 1763 2660 584 8909 3982 5106 6868 215 1913 1340 6973
135 992 7936 2114 2 8547 5412 2244 6020 6537 682 7852 6030 847 2706 9940 6230 8854 6134 825 6138 9533 702
137 2308 4902 3527 9031 7176 1098 2058 5133 2927 4496 6613 4123 4539 1948 3391
138 8227 1830 9096 968 4266 3756 4972 7565 7153 4340 84 4855 4408 3032 8412 6813 9087
139 1121 4514 5926 1416 1064 8685 2670 9872 4501 3479 4538 7326 6079
140 3010 3427 583 8583 4967 4423 5098 330 8332 6704 7248 2929 1170 7987 7571 279 6327 987 9181 5662
141 8193 4034 8387 2212 3780 3012 7174 4679 712 204 8686 7438 560 7762 5715 5844 2485 2456 3387 7868
142 8449 8673 9353 8234 2474 7883 8463 6354 8819 1337 5180 798 4447 2591
143 9952 1538 2691 677 9573 5705 3403 4652 1646 6512 9618 9842 436 3316 8406 311 730 2558
144 5985 5217 8834 2114 7684 2148 2534 2983 1482 9103 2288 373 3894 4858 6655 8991
145 2147 3012 7144 874 2892 3055 3567 3023 2768 7120 564 8405 951 8151 2263 3992 5241 7836 1532
146 9284 3012 4901 5445 5193 2219 8844 7757 1774 7310 1454 1391 1041 5875 6613 6517 2102 3387 4095
147 5378 9572 2761 2569 9802 3344 2643 3830 2425 5372 2588 4444 5340
148 2576 8178 2 4019 134 6278 8505 5834 7130 1883 1550
149 1600 5507 932 1287 456 5481 6537 9739 2444 9612 7759 208 5904 5072 9073 9650 6482 116 7284 8437 2327 1564
150 7877 7590 5287 4199 4488 5064 2185 7433 6381 1774 3119 9903 3666 7762 2647 4729 2203 3324
151 3619 8964 5830 9545 5324 7888 7249 979 8406 183 985 2457 3451 3069
152 3297 7048 169 7338 5677 8687 7856 8945 7153 6931 2291 9075 6547 436 8532 7732 2229 2906 4154 7902
153 4160 8193 5540 3243 1259 6797 3698 242 8692 3830 2840 4761 5276 447
155 38 6568 745 5514 1134 5839 5711 2288 3281 2962 3283 7219 5748 57 1626 9533
156 2880 2594 7138 5507 7589 4774 6311 843 5041 3923 3126 7159 3543 5180 4317 6909
157 7072 7296 9990 2633 937 3753 3274 4941 7183 7664 4563 8949 3895 5529 4090 6746 796 61
158 4352 321 4418 6306 8324 3012 7269 8645 550 2183 72 9544 7986 630 3287 7997 6207
159 1024 8868 2502 2666 4844 6639 979 4308 1941 469 5464 8920 6937 9593 5242 6492
160 8836 6788 3784 2986 684 2892 2188 4685 5805 7314 6866 9395 6487 7579 8444
161 7362 323 7652 9065 2986 5483 9228 3533 1776 6672 3923 4855 8696 1689 3225 3483 2268 4988 9244 2559
162 8161 7969 8130 1348 1028 3877 1542 5543 8711 7179 9739 7949 8624 9585 3505 5844 1366 3707 2555 1500
163 3490 7234 7747 135 3723 2732 9933 7917 8495 2480 3857 8787 6388 1079 2140 1596 7486 1982 9182 3199 4159
164 162 2374 7914 7883 2190 306 6578 3348 3061 505 2620 9404 2333
165 3553 6853 8969 7436 2797 8847 5455 5264 5841 3154 4531 7226 4250 3199
166 5536 8387 6629 1894 9288 1192 7304 8586 3915 2704 2288 5339 8382 287 1343
167 2400 3041 5921 4996 644 2951 7721 1642 4683 2673 4370 8598 5502
168 9408 9990 4199 139 7245 4143 5999 1680 5458 3125 1561 6554 7226 4732 9180 8958 5503
169 642 7334 936 41 3279 6768 5651 8884 8920 345 4377 7514 412 8702 863 9887
170 3969 4739 4166 6054 3079 6248 6125 2989 7344 9616 7120 6641 9465 2971 7419 5567
171 7552 1986 930 5191 7751 171 3534 7153 3731 8052 1495 5561 825 8830 5503
172 1411 8997 9446 1479 3912 2095 3665 8722 9075 5300 8984 9273 6714 6652 8125 9471 1375
173 2275 612 3012 9733 7240 6571 6988 5677 7278 6831 2895 6577 7089 282 4314 4923 3486
174 5792 7652 5381 3525 7880 9545 7211 4749 4184 2040 9242 7547 6398
175 576 321 1860 4039 1033 1129 9034 4170 3371 7659 6190 4334 238 5753 2044
176 321 4931 9159 3689 1610 77 2158 7791 5491 5044 8309 5077 5848 3995 2365 2846 95
177 736 3584 2178 3781 9927 713 7820 3020 5294 7633 5297 3377 9077 3703 7864 4921 9947 1279
178 8224 3264 5122 8994 7461 742 3623 8073 5001 7377 2456 9112 1752 3612 3006
179 3536 6996 7353 1241 3466 3034 1371 4443 9243 767
180 8998 6631 7336 9449 7310 8336 4051 6803 9461 2968 7416 6584 3835 668 572 1724 9404 7293
181 4736 385 3747 1668 9032 456 4267 9995 4940 5836 8051 1654 2422 2104 2617 7834 5307 7516 3135
182 3522 3842 6884 5412 3461 4677 7367 7531 716 7949 527 3952 5715 979 4888 6522 5595
183 8385 2402 707 8996 8711 649 1075 979 3416 5240 506 6938 1115 9275
184 1186 8003 5507 1668 710 5734 6413 8910 1198 4910 3024 5234 3602 6711 570 8990 3679
185 549 8677 230 4297 9963 5131 6188 1036 7280 1457 4340 2904 3801 7674
186 5924 9572 3012 8136 4265 876 5967 433 2322 5811 6933 9270 4377 3994
187 7296 5792 931 390 427 8622 9967 1844 5909 4630 7606 2651 7965 541 638 7263
188 3296 2113 450 2499 8196 5285 427 3918 6672 9205 630 4311 6265 4924 7359
190 9377 1125 9798 7943 9607 5385 5322 1165 5677 1454 8527 9811 3830 6519 3543 6202 9850 604 3772 412
191 2498 2307 5044 7654 3303 4296 779 827 2781 1214 6511 7055
192 5537 6145 9089 3106 5507 2116 4870 1863 6633 2698 4844 4814 7762 7413 6616 8346 6938 6655 6463
193 321 8450 6759 935 2346 5099 7628 8396 782 2482 8020 9941 5497 2683 4987 5437 8031
194 9476 2340 7652 3301 5512 5899 653 9646 6672 1938 3638 8279 5880 1626 7453
195 7264 8707 5386 8779 7500 9292 9453 2546 3474 469 4086 7736 2170 6109
196 321 1058 4100 8616 7658 1135 8464 3312 6289 1429 152 7865 9116 6748 6014 2175
197 1347 6404 7973 4071 9192 2537 8105 2507 8460 2422 3894 1753 411 3102 9214 4927 575
198 6336 6528 9829 9991 3081 971 109 6926 4431 9841 2451 9043 309 3447 7002 3227 3708
200 417 9349 3398 3402 9898 9615 79 4977 5267 1780 5463 1915 9052 796 8670 1470 5150
201 451 5380 5 3176 3081 873 5097 6889 9007 1520 5780 6453 917 7254 3224 7098 6778 5277
202 1956 5286 4679 3016 6666 5322 107 6958 3152 1586 2194 3804 2045 8029 6461 7965 5341
203 7395 3722 4619 944 3728 7603 3160 6010 2619 1596 6559 2687 3295
204 7266 8387 1731 7 7723 1483 1228 7949 5710 9999 9842 4052 9686 1917 894
205 1489 6260 6084 7685 9670 2664 7081 7180 4541 5693 7662
206 5664 1408 2817 3043 3655 8521 237 7501 5682 1140 661 6613 6296 2940
207 3905 3012 3913 7049 813 9007 7120 7987 4403 7575 1689 4985 6363 1308 2684 765 445 9598
208 2178 5732 2245 1289 9360 5330 6258 7762 5364 2773 182 5399 2327 8697 1948
209 8801 8226 2658 259 3174 1390 502 7126 1849 9244 6013 8221 3423
210 736 5543 5583 4752 7731 7155 3284 1781 53 8504 6584 5913 7706 285 2877 8191
211 3464 9098 6218 2892 3601 8886 9560 9465 1625 6938 315 2972 3645 7935
212 8576 4292 9573 4806 171 1774 9775 8244 7192 3672 7545 4028 5340
216 3202 8676 8005 9222 4422 6254 7315 6547 2932 148 4248 4890 9722 1151
217 1121 6978 5412 2054 8491 1389 685 8686 5551 3055 8847 6351 9199 3032 7641 2745 569 9372 6140 5884
218 4896 6151 2120 3144 1037 4495 9007 79 2896 5300 1301 9301 3548 4060 3004 7550 5631
220 9312 5924 4326 3689 8745 9067 2318 944 9842 9236 9813 8406 3351 861
221 7205 4071 2343 4199 744 9928 6827 5420 4237 532 6037 7447 9752 4409 1145 4985
222 352 6049 4002 1094 9510 4744 9032 876 3953 6552 4762 5595 8383 4095 4159
223 2112 640 3105 9731 70 7847 5159 9866 7116 2924 1390 2158 6676 7669 921 6810 6013 6014
224 5568 6226 2948 6021 4583 1239 4519 1560 8585 3421 7551
225 9952 1201 7826 739 7299 8356 423 6874 7066 5386 5981
226 5504 5568 66 3074 4004 6153 5840 1680 9361 8178 4020 1814 6774 6171 5340 5119 2943
227 32 8672 2240 6178 8994 5026 8387 3877 8968 6602 7050 5740 8813 4400 3795 5877 2491 7486 7839 1727 9503
228 3490 6819 1156 8043 8876 9903 6192 8722 8915 2675 8053 9013 8023 505 3100 2941 3870
229 4193 8994 3267 1764 1414 5065 5902 8080 5748 7894 375 7418 6938 6651 5148
230 2816 4647 3783 5640 9545 3627 4299 9644 2158 2895 8528 2450 9842 4020 732 5598 2750 1375
231 6082 1476 8389 7210 2986 6893 7214 8175 5456 9842 2452 7092 6103 3255 408 541 2590
232 3296 9186 8418 8549 3750 4359 9737 9771 5869 4302 1713 9873 6962 6005 1557 6101 9238 7575 4249 5500 7933 7198
233 5827 676 1540 8644 1383 9609 554 3467 2155 77 5869 8685 3439 8335 7792 3409 5393 5557 7318 5014 8439 3007 8927 8671
234 5254 3271 935 2760 2025 5996 8750 206 3534 7439 113 1841 625 3285 8439 2841 9497
235 9889 1923 6723 3235 3108 3304 2027 3116 2669 238 2480 6897 5683 757 4314 6939
237 3911 8168 5514 2923 5997 3982 9872 8946 6866 5876 3510 1367 4472 601 4666
238 3842 4546 6659 1668 5893 2344 6058 1869 4877 7181 813 8365 3923 6101 1943 2904 7609 7162 5471
239 836 2852 6184 2632 5997 5715 9076 5684 951 8280 1496 9689 3995 6653
241 3266 5027 9347 197 9285 5543 4103 776 2794 139 3565 334 79 4400 5618 5340
242 4706 835 9444 8806 3686 6760 137 6635 2028 398 1883 7452 6908 7997 7454 1343
243 2240 34 7234 4963 7748 1572 5156 5412 3819 4176 2288 2225 2865 1585 3572 9654 3223 2263 8377 9915 5340 2621 3135
244 4976 6225 3521 1618 500 9333 3942 6583 2184 5274 2333 8078
245 1635 259 5412 9129 6030 7151 1296 8848 4817 3377 5202 1618 9467 6013 1917 1278 3647
246 576 3074 964 647 5099 3375 3215 7887 5296 9008 9138 2322 52 1625 5370 1501 1661 4222 767
247 5456 2962 6437 2918 4620 1229 4349 5870 8895 95 2271
248 5698 3012 8293 8966 7206 3271 1609 6635 9231 4784 1745 4851 3477 3735 2327 1336 5625 122
249 5670 7879 9226 6188 9711 7472 3505 1649 8762 4698 1435 4923 8668 957
250 2849 2818 1282 9444 1542 9511 3783 2858 8203 6607 5935 2608 3569 9523 4180 412 8542
251 704 3169 4258 67 4356 1606 5831 9961 6282 4951 2200 2361 5595 7036 9244 5340
252 4320 6785 321 5763 2915 8550 2823 8263 3179 5902 9487 6963 2643 3927 4349
253 2401 427 7692 1869 9967 6321 3859 1812 6326 8183 5337 890 1979 7485 7965 8894 8958 1087
254 4128 5216 3553 3234 3074 9411 6054 232 9169 5297 2612 2040 8024 5913 5532 190
255 3459 6499 7012 709 5544 8140 8525 4269 4462 111 9812 9046 183 856 1370 3356 8989 4958
256 5921 995 7174 4679 6889 5867 1228 7726 9552 3602 7222 6171 7772 7997
257 8134 6663 5991 8331 3371 684 3982 4144 6355 503 6040 5498 125 573
260 5282 5507 6279 1831 7880 9930 8716 8494 463 9007 3184 3380 502 150 3894 5016 2010 9436 4061
261 8227 3716 8422 2854 4423 5097 6537 43 2347 4844 4531 1015 4859 9500 6044
262 2115 7524 5803 9804 5868 8207 4528 4049 7153 3186 6258 6038 2681 7929 6843 8383
263 9795 9285 2630 1226 3341 5265 7665 8209 4243 915 4467 4531 4020 6712 5977 8346 4987
264 5537 71 137 9514 2986 5323 3821 7117 8622 5041 8114 627 5715 1719 9115 732 1117
265 4417 3841 5507 8261 7048 8716 2476 397 2733 3086 3474 2643 7350 5014 6486 2587 6044 7133 542
266 5216 7427 739 7460 6404 587 8812 5421 7181 2097 9650 8019 6067 979 3894 2555 7933
267 2240 2817 2407 5288 5418 9930 555 7275 4238 590 9678 5487 2962 9239 5048 4760 3513 411 5499
268 320 4960 3617 5524 4708 1463 1978 9246 5502 8511 3023
269 1606 935 4647 9128 6379 1038 9838 271 9584 2164 9205 4824 5848 4282 6075 7678 9790
271 9600 2021 677 2853 3877 5735 7496 3820 2162 4211 8054 8375 6938 9915 3132 3165 767
272 7170 866 5122 2274 8930 6179 4199 2569 1547 3020 5229 9933 7918 2032 7699 3446 3095 1175 2679 5304 8697
273 3936 5186 1668 8197 4871 7784 4586 1228 4686 7919 3505 274 5846 377 7103
274 5506 1735 4361 2091 5259 6988 9842 8118 4214 1496 666 1308 5950
276 2304 8673 7878 6054 6375 9256 488 8491 1292 3759 4111 2292 84 9016 5340 6493 8125
277 2433 5378 7458 8994 355 5799 6825 9004 5455 6607 658 6258 8949 2749 9757 1534
279 576 6592 1121 8515 676 4261 7783 842 8876 8622 4400 2258 7480 796 7389
280 8834 8994 3716 420 8037 1639 1127 105 8234 7052 5548 6060 4045 624 2288 6325 471 3064
281 2785 4802 1960 3656 8521 1259 2510 8176 5715 917 8214 3030 8248 8281 6044 1405
282 6945 769 8484 5572 9604 1797 5964 6861 783 4977 6003 1459 5141 8887 473 3678 2751
283 9472 7553 9891 4035 2116 7240 8716 2928 9296 2675 7219 7156 3032 7130 7322 8794
284 1509 7110 8071 3784 5256 6989 4916 5044 279 9979 1053 5437 9278 8383
285 1906 7234 8994 7942 3735 1239 8121 923 1212 1517 9311
286 9089 1121 4034 7010 5801 172 1933 2191 2288 7089 3122 3831 5945 9402 61 6173
287 5506 9635 2052 7493 4326 200 6606 48 5393 8209 3314 7762 2453 6680 8922 6490 5307 3292
288 2240 3686 7111 6247 7463 2473 1739 843 3692 5964 8844 7055 1083 5885 1405 9439 5471 5439
289 6947 1155 1574 108 6412 9164 7213 333 79 2674 916 9940 6205 4862 447
291 5509 3205 5062 5609 6570 2698 207 15 5392 2864 9938 1912 5112 5849 7706 2555 3324
292 321 4899 4131 8996 5957 3399 3210 7179 843 5964 9580 5647 4401 7699 4820 8406 6360 89 2751
293 5090 5442 9219 2597 4134 6599 4744 3403 395 9516 9198 7536 4753 3891 5658 5052 8477
294 3584 1701 6600 7691 2635 2155 9074 9944 1880 5177 2172 7357 7806
295 2119 7208 552 7721 3946 6604 3121 3315 6547 181 9941 1564 7709
296 3105 8230 4966 7750 4199 2603 2445 3726 9968 8881 84 3063 6327 792 9080 5657 1724 3837 9119
298 7296 4611 1763 9284 5543 2535 7079 1575 3111 1833 3276 5773 7949 9678 526 9903 3728 3539 4852 3032
299 1634 4869 9621 7413 4583 8648 5385 8041 3161 4489 8847 5775
300 9408 9937 8994 341 7109 8005 2583 5704 7913 4601 4011 6878
301 1569 1348 3494 2662 6054 3687 935 9353 2825 6668 7088 6897 470 8310 1176 1465 6713 1534
302 9216 4803 2436 8774 3111 745 1610 5130 9834 1903 8047 7219 9848 6233 1691 1534
303 9153 4801 6274 2435 3043 5572 2340 2757 8903 7880 4490 5643 4045 4626 979 9460 8405 7413 886 8406 9020
304 9504 5729 5444 7207 1705 5578 7760 6258 9075 3220 9013 2997 6040 4728 4094
305 2305 5539 548 1956 1130 7407 4176 500 8885 6710 662 1592 5752 4377 218 9211 8925
306 7520 5510 5062 4423 3883 3436 5011 7732 4501 7413 3768 6426 7866
307 4385 5442 291 2533 2092 3534 9806 9199 9329 7762 2260 2294 3255 6327 5977 1625 5179 8988
308 7012 6020 3012 7652 2662 6697 1772 6064 4880 9939 6643 756 8852 6937 5753 8124 4926 7806 3839
311 3841 5425 2018 962 7570 3316 3353 9708 6589 5567 6527
312 8096 3264 2114 2018 4739 9961 5193 1067 6030 367 3602 1010 2995 3987 4404 660 7732 88 2361 4602 5307 7997 6270
313 6592 5283 6563 7204 7652 6696 6538 2986 5676 9709 9102 9712 624 3569 5880 2106 7194 7836 8991
315 5058 7539 1299 2643 6340 964 1622 3304 9018 3451 6556 7388
316 5956 3316 4373 6613 7238 2294 4630 9719 1993 2347 2557 5261
319 2592 769 5186 386 5762 7204 4936 5608 6537 2058 7659 8907 3500 79 2611 1212
320 7296 2821 4837 6855 3559 1127 7274 9292 6476 5166 2416 2962 6260 6613 2263 8343 6521 921 1306
321 6241 5185 9314 3875 6884 6116 7652 5541 7047 170 8618 7085 7438 2962 3316 9589 2421 5433 5914
322 5219 1703 520 6472 7502 1934 9075 4532 6805 3671 9115 29 4958 7647 447
323 9552 8496 9942 4342 7608 2906 1611 1212 2573 797 5437 4270
324 1474 5635 8228 1605 8805 2533 5481 3243 1804 1774 9007 7092 7288 9404 9597
325 864 2373 4487 3400 4141 8462 462 7215 2961 4819 4820 1174 8439 8124 6780
327 225 2567 8487 7112 2058 2801 8625 2003 8980 5238 8346 6938 1340 5340
328 8708 4964 5834 6827 4399 6480 7219 8212 917 8885 7286 5880 6138 6651 3390 3839 9215
329 8576 5057 3521 674 5382 7142 9579 2029 2319 2962 2643 4981 9145 8027 4955
332 98 5186 1572 5894 551 7239 7788 2925 8271 9008 1908 4628 277 1496 7033 1149 2846
333 7506 626 2130 6547 8308 1045 4182 2390 7271 7307 7743
334 7968 738 9666 325 3877 9256 5739 2028 4653 8717 2159 6640 17 3506 6067 4020 6263 5784 8284 7902
335 3105 1892 2853 1383 2986 844 1166 6030 6226 7959 5689 1979 5148 9182
336 5920 7296 4706 2 3493 5446 6888 9226 7311 2639 655 2260 6518 8599 4504 2264 1402 1563 3163
338 7522 8994 8745 4202 6635 267 3371 7500 8237 4749 8079 2962 915 4787 9270 2327 4440 5592 4639
339 4674 3074 612 7432 3496 1833 5993 7211 2125 3310 3054 3982 4597 7864 2553 2971
340 6625 1153 7333 2344 5577 9417 6986 1643 7883 7884 3468 3726 4752 2288 9713 7861 2294 2904 4314 508 6557 4765 638 7615
342 512 576 3936 164 8325 1157 2439 1643 2445 1774 9359 4143 3763 5747 7861 8378 4445
343 4352 7043 6083 3012 805 7175 8711 8168 6636 1774 7824 5652 6487 5336 5818 8893 574
344 6176 1825 5762 3428 7398 4935 9291 8044 7790 2388 6613 6327 8248 7545 9274 1439
346 2592 8546 3074 3114 1582 726 7639 2551 4057 7770 8443 350 8894
347 1984 9091 71 2151 4456 3849 1129 3051 8812 7949 7343 1871 5425 3195 126 2910 3006 4607
348 4801 3524 7653 9541 4647 7240 1129 6281 7819 3595 2796 5325 9199 1520 496 6547 4180 4855 6938 7581 4958
349 817 4370 3188 5556 9398 8088 1354 4477 8398 750 1774
350 8929 4935 2155 973 9966 5134 5552 4113 8210 8723 2260 4824 605 6109
351 4897 1121 2695 2858 971 7438 8399 4369 8017 979 5045 6357 3448 3032 1114
352 5249 2530 4901 7818 1003 2768 7091 2643 8116 9623 919 5783 1625 6842 3516 6364
353 6176 1216 3936 321 2114 5219 3043 3364 7014 1927 6056 7240 425 6925 9709 6606 3630 2834 7027 4181 8470
354 6410 7051 9867 111 1807 8528 2129 9074 4500 852 5912 952 6554 955 2555
356 5440 625 9634 8147 7109 7429 439 8042 2987 124 3309 7309
357 256 1093 9640 392 8681 7179 8269 9838 750 5135 1649 9492 7861 955 412 670
358 9505 1540 2566 7466 7180 4652 2862 9582 4214 8441 3067 443 9438 447
359 9986 3491 4324 6439 937 811 6895 3601 5813 5590 1782 5848 8602 1019 9309 8830
360 8578 1573 3237 5355 8270 3698 5682 567 5815 2136 3389 3357 7709
361 9861 5671 7240 2251 6827 1868 2514 3698 2003 4340 8918 2716 252 5661 381 5437 4126
362 8675 3427 2437 8711 3562 4012 8812 6253 5358 2894 5007 3061 6839 9848 5789 1821 6654
363 7648 8193 6979 2600 6929 8818 8755 2869 6101 374 6425 9146 4988
364 7745 417 3267 6692 8839 4234 2191 1170 979 4693 3992 8057 8569 6618 94
365 9696 2752 8130 8068 202 330 9418 427 9966 7376 2897 7699 4790 153 5340 2685 9533 7390 4286 2943 8671
366 96 2182 776 9643 3824 7793 8244 1492 5173 2613 4343 8600 1853
367 3713 1121 2660 4100 5412 9669 2090 9931 9743 8273 3089 8082 626 7699 6296 6778 9979 8991 639
369 8224 9170 9075 2980 4775 5400 4888 8603 7915 2188 9244 6830
370 3619 1731 7845 2661 3878 6632 7180 3343 4336 7856 7120 497 3123 6547 4660 6485 2038 4509
371 5601 323 2789 9829 3814 7978 7085 4751 3122 1299 9656 3641 4025 6842 1790 4863 2943
372 321 230 8370 1394 8660 5557 309 2778 5052 9277 4829 9886 447
373 96 3074 3492 644 7589 6537 778 3982 79 9298 1042 119 7288 600 8125
374 2753 7105 5411 3237 7847 7657 5291 1932 1359 8338 6134 4118 2615 3418 6234
375 9792 5219 3523 550 5867 7884 1774 599 4184 2201 9308 5629 5790 9374
376 6752 1216 5512 8618 4620 4365 8558 5264 2257 8435 1139 7575 4440 9688 3196
377 2993 3841 5938 8018 6547 979 7767 1995 3371 5372 3644 653
378 352 5314 9506 3971 5507 229 9669 8711 2121 8042 3534 4526 9521 8306 2038 5878 6141
380 1571 871 8904 1352 2475 6799 3408 5715 8883 1172 7700 3894 1942 4086 2615 7735 7066 2589 3455
381 4192 2817 3877 1639 3146 7435 1389 5262 2450 7442 5715 3988 501 2773 5082 9402 254 1534
382 4482 7299 5892 8549 9735 9575 5097 9836 525 6669 2415 1585 2962 211 7637 7413 726 3961 219 5437
383 2114 8005 2602 9291 8076 4082 3186 7987 1299 8532 9845 7481 2843 4702 6398 1247
384 4608 3936 8546 7429 8775 489 4778 587 9453 6702 4433 4147 9172 3422 4606 8030 4191
385 1024 448 3528 7880 588 3215 2737 6929 2962 2516 8724 2998 5372
386 4672 640 9410 4035 7429 7 7528 4393 457 1228 7405 6030 9968 7762 5715 2388 5397 2680 1241 603 1852 8029 3005
387 8832 769 2209 7010 7429 2887 4615 2569 8970 4077 6161 4209 7153 8722 5913 4218 9660 8477
388 3936 2240 8772 9926 2121 3438 1742 6319 1137 7153 9460 2260 3669 1461 1557 6971 1149 9533
390 7873 6530 2 131 5605 2377 7146 1806 654 5043 404 5941 4309 117 8537 8125 1183
391 2722 3074 935 3048 5454 9007 2707 820 1364 1332 4501 5175 1913 2297 3770 2012 8511
393 1025 4385 2 5348 2340 2054 5991 2217 5869 4047 5554 2454 3894 6680 2776 8601 6527
395 321 1666 5251 5507 230 8458 4043 9452 8716 4560 2453 4502 2555 1117 766 7678
396 8483 1555 3876 2868 6245 8568 6825 9610 2076 2143 5343
397 4928 2114 4354 8868 9253 4871 8775 5448 809 745 1579 5677 5679 2288 2066 8887 6265 5465 7993 5147
398 3136 1984 2978 8165 4101 3111 9451 5327 9616 978 2226 7733 7608 1979
399 7808 192 4065 9202 8436 6839 4039 8857 2715 5340 7821 2702
400 3200 8961 8386 1701 1253 9543 3047 7273 9775 2288 5457 5716 9237 2966 1947 8830
401 896 1984 8736 4929 5730 2914 7108 7974 4870 5835 3758 6993 8725 7382 726 3163 9086
402 8195 5572 9668 8361 7177 2858 2347 8108 9036 8590 1042 9842 8148 921 6297 1660
403 7042 2503 8071 5576 3625 5740 9710 1328 2480 4498 9075 3607 2555 9469 3454 5727
404 6369 5090 5539 5507 1256 1704 5546 6736 3824 2801 5649 1106 3220 5791 8575
405 608 3171 6537 3241 5259 6573 8431 9681 2705 6962 4664 1594 5914 6139 8028
406 9377 8483 3077 6919 2155 1868 3212 4496 9520 7665 7092 7413 537 4314 5405 5821 3966
408 7265 1477 742 9735 5225 1708 3533 9390 2673 4276 9013 7093 2902 4343 8152 6809 9115
410 5683 6563 1315 870 5271 2488 2842 3611 9419 1787 5869
413 2784 321 1187 7972 5349 7973 2153 4361 745 8685 7725 1102 7791 9968 5435 9115 6909 5437 4543
414 3520 2 6500 9124 3301 9958 3913 6481 8147 7801 1562 9822 4767
415 3297 773 6213 5253 5831 4679 9224 745 5194 3883 7883 8653 6383 7312 9968 4212 8470 9270 6328 632 7519
416 9888 2241 4870 9704 778 6605 9007 5072 3444 5079 6584 4862 63
417 6177 4324 7429 9990 8839 7112 238 8179 9460 1782 9655 1495 4184 5752 4760 860 6077 6111 7519
418 6240 3329 7653 7302 6892 8236 4109 1487 5647 9903 1842 6771 3261 9694 4478
419 1892 5252 2729 6666 5962 8655 4847 6447 6384 1296 951 3867 7069 2174 2366
420 2304 5793 1668 5702 5862 5095 5799 4399 176 5905 5874 7699 2643 1909 6007 3159 3032 9693 5245 7965 4831
421 6096 4786 6371 8243 4871 712 6088 7369 2765 8974 6814 7199
422 6593 3139 4004 9736 2440 2418 915 7604 2199 9720 921 3164 3197 3103
423 1760 1089 4737 2401 1667 1476 5447 5127 647 9192 7048 776 6538 1037 4942 8462 1358 979 284
424 2240 5858 6979 3203 6245 935 2985 5514 2735 912 8400 3220 9432 8986 9980 9404 2013 6174 7391
425 6113 8386 6723 9988 9354 8587 460 5359 852 792 409 8092 2655 4863
426 7200 4705 8130 3363 8996 9384 9162 2412 4081 1074 6995 4372 9306 9499 1726 5086 5663
427 9090 1282 8867 8195 5930 6346 1771 1038 4558 9745 7153 4531 788 3606 1177 2555 412 5917
428 6051 2788 7652 1062 779 2668 3246 3663 6479 6899 2613 8502 5307 1372
429 897 9857 6337 6020 6821 8075 6413 9455 656 4437 2136 3832 5880 3964 3677
430 2497 8193 2 9160 2986 5293 6765 3406 4238 5359 79 8752 2290 8371 7092 6872 2329 4633
432 9376 9669 4901 9191 3081 747 6700 4142 208 560 3090 884 1046 2013 9086 5119
433 8160 6209 2983 4136 6920 8174 8879 2609 5426 2962 1555 1430 251 5053 6014 1279
434 8224 5058 802 3077 4684 8272 5394 9586 2643 181 4150 3543 953 9244 2173 5823 7615
435 2019 420 2533 5287 297 9481 2890 7596 2156 5869 3982 7952 1329 9107 8659 1783 5751 3896 8121 4314 989 5887
436 5505 5095 2121 6987 8013 1807 1202 6322 4659 5655 8920 3161 7162 5468 9405 7709 4959
437 5632 4067 6707 932 5717 1349 8693 4589 2861 3134 7710
438 9153 4386 3074 4005 7749 8430 3182 78 9968 850 7256 4729 7802 2652
439 4609 9860 4357 5318 3528 6348 2797 3023 7216 3923 8307 2131 4692 3989 2166 3575 8923 8830
440 2258 4996 3092 8533 9333 3957 7639 9129 1755 8491 3292 5455
441 8352 2884 5029 9129 3728 6480 3986 6610 9842 2962 3476 2134 2935 9367 7992 4314 9659 2364 8126 5758 5886
442 3168 7009 4162 5252 8711 5677 4430 5007 1042 9842 979 4341 373 3990 5146 925
443 5952 3907 1860 420 518 1162 9648 4178 2677 6613 22 9462 4311 2104 2842 2555 3804 9244 1150 4159
444 9379 5219 8644 3717 6727 4681 4011 8427 7564 468 8756 2519 4600 4792 1372 1375
445 259 8711 2120 3498 171 4203 8267 1645 7309 7407 5456 3376 9139 4628 7060 8629 4311 6968 4442 6203
446 7264 3202 1058 3554 7302 4841 2864 3824 2097 210 183 1720 6906 5500
447 3105 6020 1348 5445 9543 7879 9864 3916 4656 5748 6102 6520 7385 9721 5307 5372
449 5762 199 7945 4041 3785 7242 9835 2381 6897 5558 1014 4151 2555
450 4385 5957 5319 5640 5672 7880 2155 333 3982 2671 2518 5335 9848 4573 8733 9182 4286
451 2537 4138 427 1038 7856 5329 6834 2483 4531 5748 7861 5240 1560 6584 8027 5404 5725 766 8671
452 8864 7233 7138 4901 8457 330 9650 2931 22 2327 1272 2745 4377 1594 2334 8223
453 1489 2338 6338 5971 9299 6228 887 8745 9866 3691 75 4062
456 3104 2305 9281 1798 6631 1544 9834 2669 6834 2962 1363 1333 6296 9244 6238 6142 4158
457 7250 6147 5523 1524 7958 9110 538 6411 6685 4958 7758 8607
458 7680 3012 7652 3848 776 4489 5385 9449 2857 7277 1134 8470 2134 3320 9018 6938 5851 5948 8797 2943
459 5698 3074 8676 2314 6507 8683 3693 9903 7663 1523 5428 6006 8375 8155 3230 4350
460 6817 5283 1507 6949 6349 4333 2159 79 7537 2578 9811 7030 7222 4663 8441 5339 5821
463 6113 2242 3395 2406 3176 8521 3754 5712 7120 6386 3539 6547 4340 951 9848 5529 8858 3675 9244 925 9407
464 898 5346 7302 5062 744 5800 5417 3242 1742 2256 8368 9904 4880 4792 5784
466 6466 546 8772 9094 267 4652 8140 3598 6928 3120 7795 7574 6232 9848 6683 3163 2717
467 7140 1574 2121 843 108 5999 1009 8473 3194 9019 8379 8221 1119 4991 7519
469 9557 2934 3830 5224 8586 8812 2973 4013 9662 6510 1823 1567
470 6883 3301 4005 6472 3211 2155 2221 14 7023 3473 4082 9075 925
471 8097 1889 2147 3971 8387 3397 6214 2536 9290 6986 6795 5323 2893 4045 7344 4912 2480 3250 4340 7733 2104 7448
472 7040 2336 1281 9122 261 3207 72 3182 7952 752 7762 6101 2327 792 9307 1407
473 2480 9682 6018 1251 9235 7124 1510 1753 3100 9308 2015 5183
474 3968 4352 4770 5730 5762 3683 5156 9380 8908 4881 7026 4434 6420 8663 4985 314 5659 3452 7133
475 5568 1474 5349 3783 5671 7211 6448 3060 9589 1429 5847 4024 5401 1145 5307 925
476 3329 7266 9831 5032 8777 6217 745 5291 5264 4402 8883 4084 183 9113 7772 1343
477 9472 7428 8040 5576 3081 745 9930 4555 8107 4780 9007 720 1040 1841 1748 412 2589
478 352 8674 7874 8994 7524 6534 1160 2121 5962 5715 948 5748 4597 8760 5464 8568 4252 4061
479 3682 6408 9096 6153 8778 7786 4907 5515 427 5582 946 2422 377 7867 4987 2555 412 7773 9533
480 2592 3841 6177 5602 4962 3012 6664 8557 2674 8083 6547 374 4760 9914 3388
482 1668 8005 5446 4394 6700 8396 9581 4815 1425 7314 8499 3988 4184 1753 5274 9182
483 545 2 6407 3530 170 2925 3758 7663 79 83 2357 4469 437 8696 4922 2939 1343
484 9409 9921 7713 3912 7306 555 5388 5133 6030 7727 5169 6962 6584 2904 2555 1086 8478 1183
485 6401 4290 4612 4069 3911 6600 3240 3753 9834 5962 4588 7949 8528 5232 2288 9009 1589 5238
487 224 3555 6531 3524 5156 4485 2983 9160 9129 6701 8270 9903 3504 4465 853 6650 4443
488 4800 6304 162 4199 7240 2121 6828 2892 9933 5677 7791 4146 5880 3995 5470 255
489 7296 4450 5219 2564 9797 1610 2858 8941 5037 7470 7055 1043 1429 6169 9820 2271
492 609 9764 8005 296 3337 1385 1134 2863 3602 1074 6258 1106 2163 1524 5846 2552 9624 6584 8889 7997 5534 6782
493 4001 321 6595 3012 9064 1353 6538 2571 7024 1329 6999 4697 8093 4030 7103
494 4101 7623 1896 6895 9745 8722 5202 1746 9299 6515 3603 4885 7126 6332 5053 5407 8031
496 3488 2405 3717 5030 3912 7369 2796 4178 7762 500 7639 3032 761 9534
498 6112 6786 7234 4391 3113 6251 8880 3570 9719 5785 5561 9050 9243 7035 1663
499 8707 5637 293 5733 2150 935 9288 1675 4401 626 1330 5878 1981
