60
1 0 65 2 3 67 6 3400 201 1290 14 1679 2128 17 91 422 233 3626 1388 749 113 49 1780 117 4535 378 58 892 3772
2 0 1 2 3 68 5 7 8 9 11 12 77 3725 18 19 20 155 28 476 604 29 225 423 816 3506 378 317 4287
5 0 2208 1 353 3 4 5 69 7 104 904 1292 15 1263 16 18 23 56 728 25 26 92 62
7 0 2 3 580 68 5 8 137 2506 2316 141 16 4371 22 3929 27 478 30 31 101 552 435 243 252 254
9 0 1 2 68 5 197 6 7 9 74 138 5451 2381 78 14 719 79 20 6038 24 30 32 6304 2216 554 113 184 57 3898 59
10 0 1 2 290 3 4 2660 708 5 37 6 7 583 137 176 4310 1142 151 831 95
11 0 1 66 2 4 5 197 709 7 72 9 16 8851 726 25 282 1307 3292 29 31 1183 6624 7328 806 1575 7918 47 1135 303 51 53 2614 185
12 0 1 129 1410 3 389 5 199 7 8 393 138 1867 11 3724 16 19 404 87 29 867 100 37 869 2153 1199 623 1263 368 4529 113 52 383
14 0 1 33 99 68 4 708 6 9512 72 1387 13 141 240 21 22 311 23 3001 61
15 0 1 2 130 3 4 69 5 71 905 10 12 14 18 339 211 285 158 7585 98 40 552 43 110 753 439 57 6459 3198
17 0 64 1 2 4291 579 196 70 2502 583 200 201 12 13 2382 16 530 19 26 154 32 160 228 4651 5227 176 49
18 0 1 1857 2 166 7 8 9 11 43 140 1070 3888 338 83 148 885 2165 534 283 5789
20 0 1 66 2 6 71 9 11 527 80 16 18 597 27 2591 9825 99 549 295 2153 110 943 560 3632 244 1589 185 3706
21 0 1 2 5 7 199 583 9 5482 12 1869 1229 4911 8687 852 4247 919 538 5661 190 799 63
22 0 1665 1 65 2 5 901 709 1158 7 583 8 7624 138 1290 12 13 1039 18 3156 24 25 27 3935 41 2989 369 180 500 1461 886 7293
23 0 160 1 2 7202 3 68 70 6 7881 9 43 12 8909 45 623 48 4723 52 1109 23 3099 28 4766
24 0 1 2 3 5 197 7 74 11 9740 15 399 1428 155 8480 35 3878 934 41 42 299 5165 2546 116 6138 126
26 0 1 193 2 3 5 1029 6 902 199 9 14 3600 977 18 84 725 5974 28 31 609 803 4387 227 549 38 7726 5747 116 182 318
27 0 64 1 2 1922 4 5 6 71 9 10 11 464 1427 20 97 35 40 235 176 241 9334 252 1468 1981
31 0 1 449 34 2 4259 3 132 4 6 7 8 9 204 110 14 48 16 2580 1365 24 3000 184 9848
32 0 1 2 3 4 69 72 2378 10 7691 12 14 18 20 21 154 26 733 4061 5921 869 42 686 113 242 2419 53
33 0 2 2627 4 1604 3173 5 6 7 136 8 3532 204 44 45 46 240 145 19 115 20 25 8601 188
34 0 1 2 5 7 9 10 138 1675 16 17 18 1301 4055 665 26 155 27 165 39 3369 2153 1004 876 941 173 621 4977 3894 120 3514
37 0 1 65 3 4 69 6 7 200 8 2377 13 15 16 4309 472 27 4701 29 287 32 162 5603 164 687 1524 56 1402 63
39 0 1 67 3 4 70 583 1671 9 3401 138 3853 15 17 20 1174 601 795 92 28 862 801 5921 3554 6691 40 301 1010 115 3389
41 0 128 6656 1 3 5 134 8 74 141 78 84 6166 24 923 2142 163 38 426 554 620 46 2868 309 437 54 2615 251
42 0 7360 1 3585 2 3 4 1191 8 40 424 14 3054 334 1263 8176 176 1107 23 1495 440 731 861
45 0 2 3 771 966 7 8 72 10 138 399 15 7055 2454 855 153 27 93 1310 1502 37 106 371 504 59 254 126
46 0 448 1 65 129 2 3 1091 4 5 389 6 9 1098 11 1293 14 15 6869 152 8743 1576 52 6397 63
47 0 1 2 67 5 71 7 8 1416 8719 17 148 2264 26 154 31 36 168 234 492 45 494 47 51 54
48 0 32 1 577 321 35 4 2148 5 552 8 138 2381 13 45 4912 52 4247 28 61 3550 31
49 0 1 3 71 7 7559 6670 9230 1041 20 1557 4374 9495 26 28 482 35 42 300 48 2610 5428 1721 121 61 766
51 0 1 2 5 6 8 138 1035 780 9165 14 468 20 345 155 93 225 487 1383 1063 297 7211 180 185 2620 127
53 0 1 3 133 5 135 1032 7241 16 23 600 2328 155 3102 96 32 34 4132 168 681 6121 106 496 60 6845
55 0 1 2 3 5 6 967 8 9 1225 10 203 12 77 15 656 19 83 7701 22 797 30 97 484 165 554 173 175 2033 58 127
56 0 64 1 3 4 7 8 141 18 9749 789 279 728 2264 5276 222 1502 98 168 426 3756 174 50 243 7484 5117
57 0 1 258 2 1155 4 5 8 10 79 16 4304 145 18 20 90 29 34 37 43 238 113 60 6269 829
62 0 1 2 1283 4 69 5 582 6 6224 16 147 84 148 85 469 89 6937 732 158 3870 1310 4127 31 32 187 60
63 0 5313 1 2 3 451 68 5 7 8 9486 14 17 1425 466 27 28 6428 1056 933 41 1257 298 108 110 3054 559 60 316 445 829
64 0 1 3 4 8 9 1738 10 75 12 17 2642 7189 29 32 96 355 679 1384 236 112 9584 6769 7860 1021 191
66 0 1 2 2179 3 4 9 10 138 12 14 16 3730 3292 7007 874 43 1901 111 112 1906 435 54 3767 4347
67 0 9824 1 641 2 4354 67 579 36 5 6 3975 9 170 1290 299 110 47 16 8080 51 52 535 1495
68 0 1 2 1122 132 7 1127 9 618 46 16 177 49 308 404 2933 54 23 24 27 4347 29 63 1215
71 0 1 2 67 4 5 7 3271 1671 9 10 6924 14 1360 18 83 214 919 30 31 33 290 1634 163 3684 1645 7406
74 0 1 3 4 164 677 5 7 9 843 11 13 9837 14 16 17 1170 1623 23 27
75 0 1 2 3 6662 6 1671 11 14 911 3215 8271 401 17 850 6165 29 2207 1759 479 33 2725 1193 3247 50 53
76 0 1 2 1602 452 1540 132 7749 5 71 8 777 9 1675 11 2060 2446 14 18 86 24 477 355 36 678 4588 367 56
80 0 1 129 6337 2 68 4 6 8 9 10 12 1869 3406 7123 467 20 21 22 87 155 30 355 5603 5860 8423 40 43 107 46 112
81 0 1 2 3 4 68 5 7 71 9 1226 138 16 659 342 7320 8728 27 35 2789 423 554 2424 123 61 126
82 0 1 3 5 1671 72 9 10 844 14 79 18 214 3545 3097 349 224 1506 739 291 38 40 1260 118 56 249 7677
83 0 4225 1 449 3 4 9412 900 5 6 11 79 2063 16 17 145 4178 19 9876 404 21 24 155 4512 37 1895 168 3244 366 112 240 2035
84 0 1 2 4642 3 5667 4 2246 263 11 621 878 16 17 370 2034 6868 660 2420 60 28 94 159 95
86 0 1 2 3 579 6 7 968 329 9 10 588 14 19 21 23 26 222 162 4773 1257 361 9514 3184 308 54 568 441 1465
88 0 1 2 6 7 2952 8 9 2763 11 12 13 274 85 24 90 96 549 37 41 618 44 1581 1263 2491
90 0 1 450 2 3 4 5 7 12 13 14 1809 6354 467 22 24 28 4189 29 929 37 232 554 944 115 2108
91 0 1 3 8 585 329 1866 10 14 463 2001 406 26 28 225 610 162 101 40 426 3244 237 111 53 56 2367 1279
92 0 1 2 3 2371 5 583 8 11 208 16 17 18 84 20 277 1624 89 3097 27 348 33 35 101 1958 1321 1131 183 55
97 0 1 129 2 3 4 6341 69 6 7 4425 9 329 11 12 18 85 21 727 23 24 3295 673 225 7457 38 47 50 115 54
98 0 1 193 2 3 4 1732 5 6 395 3083 75 14 1423 15 18 2712 921 3097 30 355 38 166 4711 1069 494 307 51 3064 57
99 0 64 1 2 6402 3 4 708 133 7 8 9 3849 75 15 4625 21 726 28 476 548 296 104 4589 175 756
